289383
930886
1692777
636915
1747793
238335
1885386
1760492
516649
1641421
1202362
490027
1368690
520059
897763
1513926
1180540
383426
89172
1455736
1005211
1595368
702567
956429
465782
1021530
722862
1665123
1174067
703135
1513929
1979802
1634022
1723058
1133069
1898167
1961393
1018456
175011
478042
1176229
1377373
1484421
544919
413784
898537
575198
1594324
1798315
664370
1566413
803526
776091
268980
1759956
1241873
1806862
999170
906996
1497281
1702305
420925
1477084
1336327
660336
1126505
1750846
621729
661313
1925857
1616124
353895
1819582
1100545
898814
233367
515434
1990364
344043
313750
1171087
426808
1117276
1947178
695788
1393584
1705403
502651
392754
612399
1999932
95060
1549676
1993368
1947739
210012
1636226
1698586
1348094
297539
140795
1480570
651434
1960378
1097467
66601
710097
1612902
573317
1570492
1926652
260756
1997301
1560280
724286
1209441
953865
429689
228444
1346619
1558440
744729
1958031
1108117
738097
1905771
1834481
890675
120709
1698927
1704567
777856
1179497
872353
1254586
276965
1455306
1964683
406219
28624
51528
332871
805732
48829
409503
1530019
1258270
1363368
1959708
1486715
1226340
1518149
747796
1700723
1142618
2245
122846
1493451
892921
243555
1192379
597488
1537764
888228
1469841
792350
1165193
1441500
757034
87764
1470124
1324914
936987
275856
1373743
1346491
322227
1148365
709859
281936
1151432
452551
316437
1899228
153275
1975407
1901474
276121
1468858
794395
1036029
661237
1908235
573793
65818
1894428
1366143
1231011
1335928
639529
1318776
1322404
1964443
255763
114613
1854538
118606
436840
1002904
1344818
1235128
670688
1797369
67917
569917
466996
43324
987743
1259470
1512183
298490
295499
689772
206725
1385644
755590
617505
1268139
502954
469786
1907669
338082
308542
388464
1110197
939507
759355
1228804
1376348
278611
573622
1127828
949299
887343
1195746
35568
1354340
1755422
1023311
613810
1267605
1321801
1425661
473730
44878
811305
1229320
1178736
79444
248626
1648522
503465
586708
473416
1408282
213258
1412924
167637
1442062
1305624
962600
532036
433452
1911899
1419379
145550
1947468
1290071
1900973
1487131
1903881
1684930
808933
1845894
158660
1370163
657199
1387981
548899
1252996
152959
713773
272813
739668
1187190
1681095
952926
1116466
365084
911340
422090
1327684
1443376
855542
1755936
1379107
1517445
219756
669179
1418418
1706887
1089412
1103348
1032172
1451659
1262009
402336
625210
1166342
1467587
1878206
1319301
697713
667372
575321
401255
864819
44599
1517721
1229904
955939
1939811
1073940
915667
1311705
1346228
811127
829150
1565984
1996658
763920
1789224
1602422
1867269
821396
1054081
1645630
1740084
1679292
811972
1207672
73850
647625
1905385
741222
1739299
306640
1606042
1783898
340713
1352298
1256190
280524
942590
688209
108581
288819
1499336
937732
371155
1495994
218004
160379
1614769
85273
981776
668850
247255
721860
348142
1575579
445884
421993
223205
867621
1679567
1962504
1690613
1801961
262754
31326
1154259
1518944
828202
613202
723506
936784
902021
222842
390868
1789528
235189
608872
1949908
1849958
1210498
1448036
518808
1457753
686248
1383303
1033333
1132133
321648
1772890
1999754
517567
251746
1690368
319529
514500
238046
1473788
549797
1066249
86990
1273303
3033
1505363
12497
910253
1294892
247686
1519125
1761152
613996
1245975
1209188
1649157
703729
1895436
1032460
253414
1543921
1870460
26304
60028
388027
278050
266748
707556
1308902
504794
697697
1858699
1571043
1301039
1132002
90428
806403
1144500
1000681
617647
1908538
1036159
895151
522535
282134
104339
171692
1502215
516127
1720504
1755629
60049
1590964
298285
636429
495343
576335
903177
1202900
1885238
1407971
416949
260289
1495367
1717988
1392292
1585795
1040743
1053144
1102829
1658390
961682
655340
553541
569
1453826
1174232
172261
956042
1690360
409117
1228023
266761
81
1526309
903190
495425
618996
1806367
214677
504234
1730690
631626
764524
1226057
349614
673168
1328205
1390358
1726312
947386
1565100
1204346
1602726
634994
1204916
1056552
325578
1893529
528946
532290
302647
1756970
799051
819080
1799631
218593
1830857
418627
541312
561886
1439214
788355
1193512
720090
14412
59479
1909610
1858969
1966189
152274
806355
47641
1356620
925433
1198987
1077888
498338
1524566
1487770
1027284
56856
1790417
1300606
1372260
1125849
1100237
107205
1473059
35217
648518
34945
1990783
1436873
1228458
710873
1967637
1804289
620483
1826607
1770478
772757
1149314
334471
645729
591100
1533459
1723618
1089438
1058025
1211388
633074
1631233
1518157
1933681
1003493
1160358
1550270
1110699
633417
101839
275569
668363
92622
228794
413173
1319847
196431
217462
456682
539390
504292
1745791
205057
1355115
391521
796157
888574
631491
401947
462951
359231
1035021
610537
393740
1485054
1614030
1554098
1035325
1241081
187516
1653516
33002
1372231
1746139
261796
1785404
1582338
974580
519218
39021
1513970
1539862
1784812
235379
894977
692685
1031536
299904
1324176
1433483
1279207
199759
984857
1889744
593499
469911
20127
663950
1505236
1777560
1367818
1675105
1810563
740049
1421244
588711
1041805
1519934
1563291
77375
1558955
1593614
133589
1343768
1828993
1544918
552805
1376882
1844822
1876982
1326717
1124030
593093
311574
1530126
1186593
781486
1550253
1850543
803074
1327814
1734713
478179
1138377
474762
415775
1727088
32919
1935710
1806732
110294
11017
1400346
760235
1871137
1745691
305153
423943
1122573
666328
300925
449291
306710
894018
1277217
1836836
596963
575055
1387090
963858
1378130
714904
698571
372661
369633
1689685
1304789
613073
1722604
1756851
419805
349250
1767868
336503
1109485
1639006
82195
1414639
62949
1721120
80967
880226
686763
387677
290596
1963981
740865
887560
539036
127955
367770
433518
1359211
1066342
1322532
245196
1272379
627321
858270
994984
384172
1794427
1344234
152040
647283
970072
307398
1245830
901063
370347
966950
982030
1250573
1653714
1886059
57522
134047
626924
945082
1189435
1271232
1829204
1622954
630443
1411898
945486
875640
684278
89159
250262
1679262
989683
561041
1539848
1141723
1208324
1026272
1449122
454154
1927335
335821
1937457
909365
102747
1591171
1311776
160269
1725218
1938701
1621703
914653
1209933
1450907
1053959
356728
862806
515797
1748720
1547084
1121308
515334
1742698
110991
1076376
1798898
1252715
801052
825171
1218189
1771559
752506
1554010
1709016
178224
173109
1816539
1490000
333378
58109
1945053
1955081
1489114
1671338
1405989
1059426
28067
785147
1575223
1776787
332231
696532
292122
591281
1323875
1884850
390179
576590
1202254
1215350
311131
973813
1967857
381494
1199181
146081
554603
1015720
152433
887982
1590181
97487
1359415
1079296
1768825
765404
138722
1796892
1550551
230297
90032
399134
1443181
898506
990415
767057
1299708
1380595
1859999
501962
1112297
687483
1475776
1080154
1068977
1191309
1742587
139932
723382
1895021
1544266
313563
508860
903682
1909211
277685
1669086
564285
590930
1735990
794583
1197314
651476
754116
95820
1641892
37525
1395528
1538839
1897525
1897490
651136
1101360
1889618
247643
170337
1080928
506582
826621
1804310
917955
370888
634225
1426815
1274570
543437
220853
1460008
1107722
811783
1712350
418657
9097
363827
1689126
621269
522071
1726651
533149
60910
140528
430639
1228398
1241888
836610
1992393
1928577
433890
498976
755199
754552
1416931
1126087
1388777
1360099
400657
448566
1580952
377017
72641
392735
89368
491298
918184
453195
696776
55805
975266
423428
588954
1552528
1080308
1019593
1297278
322197
372555
1289672
250774
806445
305000
1522325
1560997
238283
648412
1466127
1598382
1565421
1914693
1179334
1942439
1987334
88421
548159
994985
1522957
1001354
1691761
1578762
492972
631541
167716
561852
1711850
1703662
375482
550399
76217
1665154
801173
1399015
486506
839851
1476364
724790
1488263
942491
323172
1570037
1373537
18859
28828
1360871
107280
576987
355856
146590
1578341
563970
1725352
587665
1195511
1893069
1149517
907361
113083
41351
1974112
189300
1706506
1291638
104667
709364
131489
1581032
1434154
136104
1039875
273679
1706141
413412
292538
1734969
290636
916170
311956
1162844
1062760
406649
1726814
1304465
994314
922326
1713886
660183
346039
1826969
701535
320152
532621
924393
1611790
637289
150109
259631
734673
1584264
395735
1774548
374295
101877
704313
666833
353198
994949
99355
665155
157793
1678468
1588156
400960
982933
1098823
1323286
1213171
275358
185677
1040140
1493245
1022181
1572761
933990
1150323
210050
1084100
1409954
1461075
668364
322042
1235624
1042659
423919
456289
225844
1293469
1451238
841551
474976
125383
520019
63133
526343
19304
1161956
365981
1232475
1953666
1068011
788967
1446912
90192
361729
380902
1756868
1088131
1465002
1683174
549207
649718
5216
301183
1692377
945487
757472
434573
238957
725062
1276125
713933
1366797
312496
1293418
1893141
848153
971726
775474
596980
925393
1843485
1385948
372305
450030
264029
1269559
206898
1352160
734562
406424
417719
1384280
411641
718902
1593010
1873480
1992726
27583
628789
1234140
1303708
1342723
600938
132557
1152493
1010431
980710
124220
1785905
1577690
1049613
1629391
963638
1938270
79421
1227667
1207829
802671
1096180
458743
1209095
1513899
1843024
137088
749154
1952386
10569
1258232
1979969
1155710
492373
1800030
498433
1609663
1932587
167279
620094
1429649
291499
922351
1007339
1857464
551742
487330
312086
1147515
231349
1519915
1950186
1843881
495011
1675634
1874133
854387
1812722
623287
806773
339643
1881519
786742
1495354
890244
1103124
510139
1016259
1552063
677418
1636353
981712
1485269
558705
505404
1342733
1626799
992734
1654819
774315
1740435
1691087
1240853
100669
702450
916487
1974802
1556837
1245562
598089
363610
1585205
995960
1666704
1596911
402557
769829
623403
1418816
321892
1300821
1571522
1303605
1302443
646579
325361
1161528
273378
1834447
1332700
1564045
1574882
1023787
804899
1675551
242589
1721386
1650353
1799426
966948
764794
163036
1068506
277107
346092
665417
679664
1115921
1288820
98480
1954166
1105994
186354
1774123
408437
832933
99484
86317
1106312
1933931
1419017
1186709
25165
959156
1991608
217069
1201745
1712995
1867422
1001171
1196295
1148569
1680559
264801
1425676
26652
1446571
105340
1658925
1251743
720172
1613091
874089
906527
1903566
1798878
255812
3050
1885196
1362124
453333
1304213
1065186
478499
263370
1056794
695568
1465115
1286141
1079342
982639
482437
744263
663198
1263590
169939
1206202
1226513
791631
865128
478257
1511804
994571
1352346
934683
898138
1151225
1190495
1417540
1036421
1068972
387226
340634
134158
865725
1120356
1190952
77645
585472
993446
1673339
1568111
1475883
417603
747661
1255825
587542
470216
482339
1379174
1335344
960596
1407330
846267
829294
342013
260757
1980519
48860
194650
1533292
1117832
581876
390279
1251990
1963953
1510635
959295
41598
96107
1952741
1714937
180570
1944976
132540
1444584
1200801
720083
1914800
199492
615609
1766496
1676440
22939
612763
505735
881304
1389873
1002606
930164
1584523
1052251
564349
682751
1442530
1816339
646704
953165
1291986
688302
1565625
1761079
919591
262547
222407
1568484
1707131
1939561
804919
1621931
139053
1420528
1388427
1815494
1959819
517543
837581
841123
423768
1840187
287639
524643
892438
851988
1207394
851320
1184680
1854098
1804486
993018
1058752
1886463
754098
494695
149010
976505
63179
1856142
916066
868098
1994425
1571472
804978
1382853
1386966
764797
416748
224547
122272
840516
581086
409912
1365159
1989877
1261900
572553
841197
962932
943003
1162035
1955951
518107
1048498
710049
1529154
1713861
202906
1592334
1570003
1635325
976784
1564428
1206797
1781763
1463633
1110115
546560
1880381
1851014
1185185
720897
432100
1595097
602408
938329
1373349
1691313
295879
852634
634316
1457914
808585
1668775
1022765
34986
1197930
736626
237892
1306616
306629
389569
799752
387409
1596366
581515
367395
1222833
1644428
247776
1073847
829613
1485026
22300
941062
603786
960629
830763
295100
1256508
1683397
929416
1230775
491982
1114544
253540
1043320
828826
1506518
1797565
651794
329499
187134
1451546
716908
299853
33062
1084303
1522686
193842
1848432
596534
1539807
1849810
618834
480869
453596
95815
1827984
748696
1352324
1511382
194465
1099451
519716
1825361
1869343
1563037
654187
1375861
1360602
1305981
1705360
64088
1273879
938620
363941
1823293
22924
1886628
17135
387708
483162
1556942
753870
1101996
554163
1207466
1197811
898500
472515
1066487
926234
1183332
682290
1445950
1008693
551633
1525339
1662880
1927494
1402293
1485213
1632854
1466382
1275444
571475
1830323
1098738
1110751
1716951
1115873
14811
716465
1189168
768681
334813
259683
492499
48977
1674535
965014
1115464
600769
148346
314107
563072
1673391
865740
88411
1852623
1309587
7057
1337836
1458793
1473439
613281
546620
1820114
228371
1657371
53418
1860596
188534
769883
1049764
1473567
1104697
1825800
1966067
1153674
1500335
1447433
785490
617457
112132
1615949
1180529
1785523
481690
1785292
1638147
307629
1792349
1492335
1766422
1782140
621968
313043
1602255
850339
486766
172025
710936
1191653
1458260
277052
665220
562957
619204
631287
232983
119540
78721
1534826
736997
707205
1667127
433878
492728
665169
219170
647227
972798
11520
139563
739221
1793660
1277883
1568616
1912267
128223
55382
84292
1355511
1247035
1542553
1632563
428608
621862
251768
1059895
1371198
887660
1654968
1422376
141009
362173
1089503
574887
1371254
1754673
794057
18481
1243823
1321929
674396
1983044
1631942
1952280
68012
1544209
596855
639747
144854
1952366
403134
203759
101281
831742
1341973
869401
1891638
713171
273413
62958
651899
414422
941484
257755
1505661
829090
528780
816071
1363923
1772603
138000
38320
272000
1769942
506952
340012
1830504
1103807
979759
1975358
1572525
1382894
179117
190158
214636
1521090
1059560
622626
750614
1332973
1201937
1918865
263748
143421
176620
1769409
1488863
705400
1101832
852786
478004
1239833
1407458
1266356
1526127
1914410
1606368
1356631
1534569
586128
1848341
1623446
485374
27458
1813605
700010
64901
873165
1838989
1331867
722490
1040926
1250732
986238
1700699
1943705
1272000
1189562
1165457
373832
42348
1643461
130017
1449807
1426169
172497
1880569
1032538
1529128
1415139
135018
1377470
1038585
620392
1921280
1368542
1836754
502533
241707
1675743
1834400
1480550
1233021
1601485
466788
933720
1545190
255140
639634
710647
1145325
681983
870461
1791694
648142
296630
1964191
1045063
1845520
1493320
976554
1980538
1387142
531492
600930
1308422
1900034
437685
327308
658094
629780
161708
138644
1862802
279545
1121784
796522
341087
1376925
1436157
1051735
1038602
634492
438548
830296
1798986
1251530
1310840
844049
1097051
1320512
336956
1077589
707654
868448
194872
532428
768482
632557
1376088
1426576
1262337
1537797
1565220
1125139
333694
687005
438014
674782
580282
390523
242869
135236
1025015
681417
1481884
1340353
449299
792724
700754
1546350
113236
1037710
1140292
1337242
1906158
1335164
386023
674641
1967721
1762111
617569
1746410
1816260
182790
1387902
149955
1386147
1825916
1341089
482781
216439
1583958
618017
1757806
265375
99901
1614511
714674
1408978
315265
777377
38566
1352976
1917669
1892161
1259134
1252833
794536
450127
1736906
1072999
1067697
1483316
889260
1766839
1387570
1555567
1152986
1213486
1413008
1635767
1946277
996966
770136
220435
1778693
870037
1834946
1009719
795367
150212
1787096
833934
19540
221117
726095
1278674
1473950
1520631
1728802
1727208
593630
1312851
1210525
1999242
1079690
1114447
71161
232676
327934
1484169
384795
790563
481135
1154931
1527351
776180
541320
1362297
1785900
1336688
28861
1572996
686974
48401
1794114
1413069
1843428
1784416
1450052
88582
1511625
43682
1401433
1238502
559277
481123
352949
1146790
1230151
1197235
630960
1614946
1987799
1628447
1286229
31502
404628
1827549
1393799
190528
1680589
1939013
279876
367563
503766
73990
296984
347194
374759
1747036
435776
1886384
307071
1837209
1641238
1382700
834684
510539
529490
64835
1707775
1160450
1679781
211926
1305250
1482362
243428
1709878
1826264
153579
416758
1506853
608944
696634
390769
1112711
1286977
1204105
1976257
1661736
951142
412034
64472
1774565
765595
1705710
1157265
116632
216249
203107
181467
440376
1363558
377601
652302
1185160
1859963
1412082
895038
1686227
82014
1311796
1709433
690958
8430
616554
1803669
1295407
1820659
1779927
1473495
771801
708313
1537967
1062718
1990260
1760029
736335
106892
492631
939443
804712
933007
819353
1182313
101662
4513
1558628
30096
899551
1244856
112110
727699
1470641
803069
1252481
87195
1123090
547889
1907854
1419369
537736
1196008
127682
75704
258726
634295
1835733
1511414
741187
328364
450857
62251
1777724
1270210
1244564
395738
1274723
803193
425834
690626
564401
537945
1418325
551394
1857366
670806
638589
980456
1735047
1062795
399826
272784
258803
1043860
864840
1033882
1678155
700573
1061648
935695
1545290
1512505
997946
1839366
1299067
758863
235104
573790
78408
1177290
1780768
1159161
1715235
1199093
1710555
1572601
386251
349144
1069410
637651
1928291
1985588
910435
703447
1029448
1775275
253681
1223956
992200
1315329
159651
1053842
827834
1673949
1409560
126901
949164
1644664
1217043
1027572
821955
997811
186733
1053542
713256
413640
1142496
1615859
1279136
728258
253510
1207428
713846
1680297
1910875
1743294
1971924
164556
967250
964125
1479885
1643253
534319
824071
1833555
1943880
1467324
782719
104896
684367
326644
1443203
198530
1029729
496746
911786
1443370
155594
527645
1238858
883852
1297508
446286
1597698
977805
873513
1857344
949730
1554421
1340947
430207
1550658
984200
1480878
374729
1334107
1424758
1842053
633179
46007
1042772
1476175
1489210
1241302
505904
502308
669440
465626
657902
1197086
1704485
58106
1010946
667123
1655804
1988751
1540637
29501
1454833
1611410
1370448
401392
1162069
871000
1882271
53150
205108
1823381
411556
838287
1869388
1454328
314462
1874951
1211983
1336718
377259
1881423
1802345
1551514
1594861
23182
125972
605807
1206657
298129
1110911
747294
327630
565744
875057
1698078
967137
37126
569078
1365760
606628
774186
1189141
1018184
128825
1574882
988865
959639
1449833
200848
296358
343444
598623
615055
411310
193485
1154589
537283
1315644
361246
835412
426555
1624893
1163042
992300
499950
861120
475789
1053428
1946550
1841549
1660056
720737
1547042
678241
1365914
1121924
183458
325554
1088109
900658
1138264
1431554
1499281
1753319
359216
209118
1424260
896499
1524763
1785506
248263
1951318
1410399
1411305
1459970
426701
788777
452111
1480129
735328
810012
1140186
1972417
357055
334779
1854683
1478979
1034589
180237
567089
1935247
1834853
514995
1950880
104524
874211
159999
1528784
1770711
201114
1830643
535326
668784
1241042
1946632
645107
184096
1251761
1097218
1664225
503441
1907231
1320763
992210
264286
171894
846894
259617
1722835
1543483
1343058
1658082
1378337
1858053
125315
1999213
1248617
285314
1527998
1535680
1002780
1358641
71006
1671564
1116035
17638
833023
1300131
1785752
1930242
1480709
805545
353825
1317824
1797756
1134463
6071
1161002
1394080
1728906
704485
1253491
1386989
599174
1111544
28656
598388
360161
313970
642738
1895841
1833102
1379
1966848
21018
1633766
500838
854042
1450250
802942
784284
930959
1608488
1654461
765135
1922596
788924
771206
1083598
699356
500113
304435
1952847
403454
1419962
1580744
432110
534702
457257
1262432
1177440
869451
1611886
1695171
836299
1632904
1845289
1853489
486946
1295539
1172784
1787582
742850
781272
1442043
1507986
703868
747319
279192
303818
1446676
1295657
608253
1915875
215463
28215
1496619
1163925
1079269
1953877
942709
256709
1339680
554595
468232
692331
187500
313522
545820
674446
125413
234956
462029
868264
1016228
420424
376250
236448
1167744
1171794
1056618
1130772
983804
1664872
1046647
1199267
209439
1059619
363193
1288709
1529848
1822254
61770
869528
376850
1046355
1561859
564350
1876229
624031
1755148
1642
858988
217177
869906
391568
1153954
1762508
1144369
321698
934303
200987
1452470
1918107
382211
1015469
1633726
1108003
591440
513271
913064
121288
335526
1491186
990816
712376
537541
1069027
1793078
930122
1693059
1548226
931765
1068399
1765404
318023
1459967
919358
80532
1120688
1757408
1531187
1321676
1726230
1449294
220239
1258051
1599372
1328242
1849492
112644
241306
1970780
964522
1732493
1477949
1676898
786386
1063328
1469976
1716509
756387
1018202
1164626
341138
1299958
1482649
317458
735668
1563181
1438146
1009428
1610720
1276174
735658
1060014
1496414
510062
1175739
824656
359554
1804735
1582315
330334
769257
1831160
324635
962507
617546
1387964
432483
334055
660703
1967037
15033
1001842
1783348
1497683
1319300
1035368
1577216
757446
561149
1187937
33621
1813159
764303
46387
323221
1940042
871043
682775
1744777
969710
1529462
1030386
800870
1854097
1992893
1418417
1242061
941728
268824
419117
908766
283858
1420959
1208466
297893
740259
760186
1875109
14057
1321335
1063046
564030
1134495
343702
610417
1457716
800096
1997813
140492
544874
967523
186306
1575260
1768394
40403
84506
1703163
1798817
1026234
488339
217934
451352
1288549
1638893
1659818
1586442
895504
420005
1977904
1425913
257692
1557302
1989944
1392187
1901004
600361
1366256
701101
1114526
1506748
1762327
82050
1693054
1853939
366796
249809
1938445
586311
48626
964680
1591002
782912
1416032
879552
938157
1592203
982346
1833661
528560
960250
1775927
786252
517553
1765871
178440
418557
882584
61048
1636010
1997111
84148
1398337
595513
293554
1252277
1478661
543363
1707074
581324
1108342
671754
172326
1891254
604139
1051878
1345764
196342
34225
1695777
724902
1510827
1471704
1511154
28380
1237575
205946
963290
120160
266994
599300
633623
351142
513990
1745488
644696
282619
1224149
1704412
1989693
321825
812754
661448
494151
1220360
1265587
62382
566124
1461929
612959
261902
703183
123786
1733606
214337
152167
1487534
936636
1631809
124046
1203630
231109
757669
71125
1261451
503157
1232173
1544070
243658
936585
1533764
565483
1749339
711564
1575986
1486052
493503
1638368
52176
1955432
251327
830430
1174967
891466
564037
1389304
1043633
51571
842292
1191794
175617
562275
1939255
1449638
633400
1200707
469147
1865573
744777
1229157
802159
794893
310992
1067850
1506457
1886978
553902
1999960
1525347
1122431
471744
293026
1952861
1646711
1184492
516898
1552368
744477
1084821
394660
1936271
1776790
1473287
391879
1742780
106687
1592586
728279
488613
337363
1957436
1807124
1648609
268428
874974
1155066
671759
1945229
1155027
713458
1067660
1626771
1006484
1536873
1789835
707329
570124
1342203
1968158
1654945
253215
420782
1948088
1726503
812661
1690868
349542
405247
935500
838155
1258962
892936
1161631
907571
1677717
552958
62638
349476
498187
1734017
1062934
82199
1877140
585770
1619072
183327
1809451
189196
41882
1777610
360494
295098
198392
308582
537953
1011053
515802
1403847
1932652
1967654
758355
1191614
860591
1919986
615538
1054660
472944
1194528
1920488
1487483
928545
983422
86034
1322037
85544
1705107
1505365
1894996
410655
1547247
1672606
771149
358697
387350
1596083
1413002
1398403
628238
816850
1331055
595892
1575205
1039021
1972835
1495191
170911
1027495
484488
1365439
947983
488323
810336
447757
574358
648726
533302
279465
154091
944650
690120
217690
1133608
1977622
576388
1520958
90057
1989390
919361
718295
806240
766768
1830540
897797
322141
1803375
909341
493053
1347223
1393829
374844
811558
1882152
1701533
1259316
456510
350259
308970
1252327
504350
1769972
458800
722040
903580
952774
1814780
424538
1042831
1804171
1343899
277479
1126763
627019
108019
24561
1465512
427746
1450254
474917
1774969
844083
849762
586528
1242587
551295
362196
215450
901554
671166
1984129
1922256
441138
442929
644296
1344718
1912055
975429
285608
954887
779600
1629507
1748718
422715
772878
1856737
963628
238390
800835
413882
713308
575805
1774317
79422
1678685
1533257
1147069
40881
1748707
48623
1228399
1732836
1970879
185889
692118
1131527
1530607
604173
106956
1816215
75412
1402908
1962074
1824130
341976
1251304
197219
1821956
6046
998055
235839
1235706
90212
526508
1315128
1768897
59765
462197
326130
1808472
1027172
1554529
57661
1514403
1740418
1266131
1162283
1787377
386656
1785591
119944
462069
1704852
598370
802551
46828
366026
1516123
1868784
372072
1030530
620975
1607779
1637094
1147484
1439259
1405991
1207249
417809
248473
1532074
1444981
1803002
1589735
1475737
59772
855866
638020
363501
1758874
423611
483445
220943
644815
1598167
1539847
691643
1964193
1572322
1076780
852617
1119204
214107
460396
756298
1361591
416008
162289
1085193
833817
410762
617267
795150
730116
723354
270887
1306240
95572
1425259
1669741
1854446
365223
669538
591742
1010038
267705
131589
1701682
748250
220263
1294814
1600867
1339467
1508921
577616
95765
1386865
993624
774406
472058
1827441
1701520
1089325
622591
947988
1812679
1409831
254228
1908251
835090
1923969
1762697
1200313
1109859
870791
210352
1893916
1518732
428386
642166
1738995
1723200
759385
1594814
1748473
1337001
1690579
1135338
846977
981337
1607396
674418
682857
1213073
1813362
1630845
1542104
1223193
401425
1966707
574635
841746
1729405
1774949
1951605
1116548
501653
361873
635281
930039
1004039
374276
1169591
279777
1969091
918064
133130
176022
569755
980108
1157360
177151
1654526
356569
1906577
1984240
1987415
1448681
1207433
905192
1415389
1782069
1746939
1661146
73370
214896
777694
575023
576770
1412975
21414
97161
303604
1191005
376938
272695
625421
510069
965069
1195176
1490177
122429
1888680
1661055
478999
1795257
1645296
982766
1243938
1369081
1887958
1175679
1667502
151249
836825
257224
366146
130872
832247
942916
1543847
853661
1040077
1847451
561018
1417016
636498
1186440
443437
1601568
381616
449966
240349
270296
111021
719348
581905
272669
218466
342196
1641751
622777
1517875
1825605
774026
871053
82830
1140172
1001925
1431429
83088
545772
801443
1639518
909576
1362461
1572886
62426
548901
16323
1663994
1446870
466289
420696
233518
1093662
1656396
815424
1366332
1874863
1157620
1524435
497640
1191847
1866392
1788018
62900
1949222
1444543
1064825
1897004
43983
126950
698447
1683501
1552878
60908
1256387
1615304
1126162
1789062
1795651
573032
255351
216347
1322902
1865366
1872743
138326
1748050
263958
1812298
1788837
1277950
1520498
1655229
1065969
1583398
120804
510512
1164576
17808
1070847
1807878
716255
754349
1877108
777163
10736
8764
419677
316151
1804415
992709
1087854
537114
315612
953220
926210
970290
701270
1190168
1298941
490107
984471
819439
661689
50440
919189
782493
1077304
600117
1316653
148151
924347
32908
1418852
801455
1326423
1945941
1326572
1746101
262092
1647339
1255162
1349946
184454
87126
819519
1627016
1573769
1520789
817184
872710
527249
1801655
208501
1705290
368447
1644042
487783
1962103
760512
320788
626607
201211
353696
561811
1519019
196471
507752
845591
458924
1286196
492930
1714087
636143
1193736
317565
1455662
820752
1891334
1492803
154289
1280396
536404
472296
1488897
241694
1357096
1649292
1245829
1319199
926156
1566617
462158
1127367
436665
1540322
646386
633137
48074
1491977
1092061
1334271
1984908
1322500
486766
1694996
1640066
458780
515749
1531400
467935
670038
811797
1004340
1142334
817046
1762386
499430
982690
1008216
334982
1908846
1091185
1313492
1036214
1527851
853814
198952
677340
1418241
1690930
285753
1268864
192190
1608254
1755630
1887186
1764672
730762
919287
1296072
1198697
1589325
624221
719389
731660
1957620
481776
1747442
940310
1489992
82424
1365509
1097529
1912269
918075
625380
766083
1117027
1302720
184324
1324309
1588474
1453188
1516499
1713080
1725170
1920038
1477752
455932
839325
1290176
170982
428651
1914398
890371
1676663
388370
1372147
1940457
1845032
1378491
539234
1210541
476021
451503
128616
1617753
1733938
1761996
1436826
1918263
1086305
1541652
1887803
1119157
1254732
129326
1039195
1248836
585258
1878520
539012
1272592
823523
969762
162964
1016538
1358132
51463
1473348
1203165
1946307
12582
930058
422328
980437
1575027
556433
714375
1337023
1993259
1148990
423328
1534911
1553146
1542485
1305995
1682472
1098032
554831
784082
1492905
1610196
56675
316428
579958
219639
1849319
454443
787454
1322667
173960
733761
1851601
1620370
1672441
832038
1195397
228875
1546413
532420
738486
1211756
1472101
273398
764902
1530938
95745
447374
1145323
1166929
1231456
638228
777125
1288131
1471008
1873435
24122
1836679
844230
811577
1159346
1018190
61690
1010947
1154913
1734132
359337
350310
1963007
1905751
1399083
701493
1117507
1387536
1491243
1882409
1434826
1586989
846135
580149
753918
77591
1218377
47395
1365723
1205738
1920830
1906197
1042417
1281413
717774
718116
815955
779465
245415
1970868
1029949
604753
321179
992956
1026856
236614
210801
660715
1624150
218397
1059476
1058976
321738
1905611
1639126
1592008
1983202
1373855
1639403
1865277
579593
76585
1771475
1622011
1357998
1005601
340127
690306
301418
585542
661174
1331367
1706647
982353
324323
733503
1218967
1051477
1394218
1359469
1786226
453694
418446
107964
359305
573924
1699972
858860
1947779
1855727
724137
1043725
448664
1011964
665736
323015
17566
1522215
1013321
318984
624109
1674495
1650352
330757
1173201
491027
1064260
908520
58856
974831
267990
1845082
1428525
1202788
1953046
304183
1776712
169370
1163043
1724491
541449
403532
768216
1506466
1415497
1950304
1829481
1433063
1988871
1359154
268399
612981
1550001
1918751
1460090
723202
926131
1040702
148075
984987
15533
416065
830070
1960411
135205
1299468
780946
1911917
1985191
1943989
152760
1042992
863873
1437329
549458
279370
1387633
895291
228785
1892857
770797
1013537
1022190
320799
932288
482280
1560353
374771
39334
1708428
1359759
571220
640845
706181
1047983
776050
522001
1828929
1204319
507192
289270
1357080
66537
1153143
794409
1132347
1948866
698394
27639
694003
1107603
1314788
1707540
129793
1635587
1156181
1128425
1195941
1530952
1684112
1420721
1407063
255332
61567
113244
1303315
1353969
635246
1132244
558289
1658790
1421514
431721
1725327
1091009
1226130
857675
1039875
440876
1401666
250231
1548480
716454
1957771
194625
352042
1630304
1839403
64335
1161257
1523515
1485056
1084672
1778847
62975
1197917
1598514
1416945
1833163
730758
491586
1491953
668624
923307
1217281
1759633
665789
591308
1315861
1623017
1992974
1566092
1687849
709428
40215
1882475
1577822
186872
238230
1642157
1864481
1761745
1643566
949153
1540592
1706541
147070
1655458
1639838
496585
386216
131424
1988539
1571192
1571083
1722172
1847177
236872
829832
1163038
376242
822806
1245482
64091
48586
1802050
462918
1626409
1988922
701148
1784918
369755
979245
1428484
1318908
1036189
1651378
1465979
691647
1291216
1962564
1594215
1938993
467455
1165407
1510076
705979
1012585
263301
1535811
691975
1155895
874969
453810
1219986
923556
772212
199257
1066317
1277486
1416757
851235
1647241
396003
796072
966149
1432192
447450
948480
123840
255018
1427397
1718055
194011
411204
1399815
220440
1117184
412400
1000093
1169347
1620727
155988
44317
74537
1375974
967873
1363101
91583
34190
640587
1508341
1401777
287828
420696
714201
1770330
1852888
1678003
718810
493080
1933022
662559
211136
643385
1073764
127303
1380177
707300
1056055
380270
1876647
676782
536258
1920964
1267672
428585
888837
630773
520168
1439379
1271361
544861
1357509
1559189
965557
71710
1329519
818446
266066
564682
1827878
199088
1227241
555366
1358825
817357
682669
739003
1524657
1738724
1635625
1401305
415507
171884
1322269
199531
600469
727459
830304
1636989
683190
101665
181851
557051
177207
1147408
628762
23078
482206
894828
587760
310085
1610268
331354
865451
1485445
1148711
1548121
740800
673369
1286845
376426
591026
218704
1064662
1913295
418235
1665131
1157106
1248540
1302120
356649
1866557
323
913700
560116
1147732
58814
583195
146290
953642
1687307
456375
1080262
535013
1838179
1082060
200077
1386300
1822860
873446
1189497
715638
1980824
1924554
1780300
410471
342789
1445431
1567578
107681
1263904
440579
490591
1264227
1354279
1050707
928311
1413094
150254
1074602
883088
353914
47329
479703
1405279
1885508
1561763
1605356
1788160
1900975
995154
1494010
616614
975978
1418564
396914
1386450
1761353
358698
1470380
385387
138954
1910959
875978
1919533
1265238
443037
847845
1194684
1109644
438799
77773
1463558
486128
1073828
868837
887989
635591
990546
676149
1052918
1985700
170159
1669532
961679
1588723
582799
348129
1866429
941497
1818509
251816
1596803
245820
1644146
1516336
1511058
87183
880533
1222095
1196827
1319332
1816220
1176737
321813
890048
561927
1209802
41991
1552473
402303
1094909
54525
572463
764442
1016204
677538
1863593
1880685
1060319
1321442
215546
1828487
918245
461366
1472633
434581
488777
76169
1315115
1710872
1789348
1150799
1527092
1482438
1472612
417140
44365
682414
459131
113190
1601070
70392
167715
173533
1351186
1700272
1367423
1214779
1580957
944095
536221
1796504
772582
1970818
774222
761568
921752
1262999
1354089
753219
973871
1659789
1904018
1017315
1142227
1892983
1434455
1702944
1091749
409938
1816134
692819
996683
500202
1382704
347869
200474
750128
1562649
297783
1694223
615222
610639
983157
1102393
1384862
1744725
24145
1164213
1615166
777364
654437
1274956
1197734
1671752
417183
1090717
1622560
636480
182467
548850
968966
875286
1545533
1469168
257991
1893403
185994
1524471
1972404
483778
1735046
1103978
1094417
1234555
206371
479279
1495633
746868
1643493
1110799
40584
814282
385755
1238319
486034
1319291
845388
108594
1955771
1544207
1173797
1441089
419494
719330
910258
1193837
1129085
1612604
1234660
1101489
96382
1486058
721820
1190800
720613
928191
186431
216246
191412
346276
1327046
231996
1160558
229153
1986667
162945
1548444
832056
787891
20567
376263
1961688
1978009
1312109
681019
1404619
1022298
326456
1017223
256958
1944298
1113606
1743016
666118
820758
979982
110661
1523541
1196228
302073
1869818
1039626
534070
1546728
1268780
520737
1709673
1333576
1869145
497565
1870496
245409
459253
1848505
73870
1656624
1253124
1096169
499433
270347
1353127
443731
1900305
1612496
1109849
721063
592478
1220510
760957
305058
38936
630775
1344685
1089358
177503
613465
126447
403529
1947041
1995593
901094
1817537
757354
1876699
182394
831224
49676
1435518
443745
549109
222218
313225
1509192
122523
1925721
619041
1359939
1034551
355903
120896
1339609
911191
1268023
684294
549
1961878
1814111
126997
881759
1761153
122590
1782853
95042
1396296
175905
793789
743872
741933
229307
1187618
1807394
967877
1500843
1316586
1606753
1942916
451979
966692
977467
807882
1603940
833428
1719074
1388315
1517723
235975
1866545
1331834
362972
748305
1609339
1001914
1047510
220734
398210
1223415
1014523
1658435
481700
1760182
846053
289094
728060
346896
122032
334813
289812
574011
1817857
1783631
1381894
1938149
617059
1617320
1842816
651134
1853295
1709361
499321
732620
457666
625012
250886
1505177
845746
1165449
1244944
376621
823884
1726645
653156
1669937
532091
1381216
533185
654124
232381
1339349
1744487
566590
1122980
1126381
1021091
256391
1260053
863907
907526
1629701
573268
1406847
878673
1547287
548211
1129559
1052464
1910310
295008
813760
286931
1635244
1056757
940087
1821533
1588849
837655
354718
759325
1586388
1694067
503812
152978
1333399
146546
1174069
1589791
1922951
554328
1013669
69004
1127597
936868
947677
674884
1485079
593589
243700
1395389
1404949
1057460
198673
1040194
114218
1655112
861727
219419
1009120
1216446
1495096
595508
1426865
515260
1264839
1276617
661806
955260
866408
1101110
1509589
396429
1170114
1153538
1333297
117792
344774
1334728
711381
588474
730118
116330
162286
1445143
1672876
792856
1100255
534604
1528627
625727
267402
1540075
1221236
210619
55336
1002427
1487236
1233494
1957687
353644
334604
1467276
750073
1504719
1137166
599722
138863
1481940
1934451
1366596
586766
1180921
1999278
1265405
626064
1672155
58261
242671
723111
103241
868399
990513
1643316
605987
1201132
215004
1608414
1204721
1448499
1566101
1558365
299455
1549730
824791
320526
686896
1940865
459389
168837
1875316
342337
755603
1572589
341616
21008
715005
530123
595622
957677
1769586
1215215
342428
1276451
1374883
948415
477583
1589888
556829
198656
1554739
639282
1757022
1854194
189012
1098165
174721
875909
1555382
1150462
1044746
1947051
1492800
316701
1519640
350768
854062
234646
1397243
1966036
1708675
1166829
1697603
51103
443280
1072486
999518
1437215
1178726
72699
1635872
733465
711981
1909246
587660
900994
1523763
762381
293255
1079145
1912843
1854353
1026196
1921995
171054
1062189
272763
1541468
1296835
186358
23856
1005510
1353187
1721459
1572965
1796467
793946
572483
1233683
1972672
1161534
1385907
706138
1873515
1295153
1810150
774509
818916
1088883
1067764
1898061
1518078
1438469
1440610
1440074
1609524
502799
229189
1667344
1799634
415548
1691201
1321496
1768735
1412660
894461
81555
722958
1983296
1831590
695631
1144830
1217497
1918121
1534697
512650
244623
825559
1847918
1333506
409675
262331
851584
1848145
1702941
808010
1457669
205740
1037200
1641365
521726
1969100
1332566
359574
1737835
745227
1770387
335742
1984537
1753683
167332
680168
1414865
1384829
1114641
949563
413831
1359264
1775122
261749
692770
701149
524081
60707
549294
227022
868717
523315
949115
1905917
164681
1987193
1875017
1497247
346768
129205
758826
117155
464947
743364
387191
1148632
1939884
1802056
533461
1570878
1267971
1463645
930142
1559445
1725394
139265
260595
765827
199972
809889
1509202
1068689
1333205
458317
1490959
1497886
445510
1882328
1511485
1308630
527885
786664
1425786
1509185
46380
1812977
657817
1986264
131385
1707630
1557142
1915709
1171275
1003637
1475154
1413022
1142902
252101
178849
1859226
1061991
1688051
1444267
911548
662720
935226
925786
1624583
1333907
437271
933213
1861792
1740287
875351
1887329
1786667
1204680
545146
1772932
1336066
252777
1846426
1768127
1940404
850063
1243281
1353426
509317
11735
48628
368543
1590078
253031
1812811
501626
1432104
1264389
1427412
1056687
598296
381035
506252
976441
637675
1381604
863770
424342
586284
1408917
197274
438702
178046
560053
206829
118450
1410116
1966463
1988229
435786
1978198
36857
804329
1568276
289888
617140
586254
1721992
1881530
530018
1295031
996178
1427405
1801284
1972619
65080
1699240
1352742
489423
801876
761659
1203049
1756931
1456057
1763102
1963760
90859
1689571
446575
79088
125357
424773
115945
1446038
509401
922186
579531
1095655
1160530
977413
1625673
455562
1973591
1053079
773198
462563
1118159
988790
1815305
1607582
1790666
1093316
1326984
1547597
549373
1090086
27710
1156584
1296009
474285
1235673
1937718
1415411
1867970
1383757
1924812
1306508
1963288
1020468
467039
940701
1162493
1438953
1430644
731924
212151
409559
1850084
1717293
224864
1974018
1507959
1834532
1301002
1571909
900257
907441
1599619
56842
719802
590256
1292515
657521
5667
1676837
557630
446832
983346
520918
1983652
1450385
1977971
1146145
1405690
1924967
1878070
1617841
334527
244506
1851486
1075743
734876
1359445
910276
35879
1447706
326885
1459672
1563677
383727
179474
670286
192594
1353347
675953
1869432
1910977
1639137
1369130
948247
1622789
819515
1442570
1285287
225205
1367538
1679709
359398
218417
1924215
210884
1810512
659091
86681
1237140
1211322
50740
1564026
1187346
1614417
464105
1366821
801055
656700
720168
1477009
1042484
1147498
1632498
411614
95745
1255288
1747481
1538316
1056927
489038
1422206
736636
1364788
156975
1177203
92024
1967487
352646
695057
1204628
1563969
745797
768654
1267667
876567
1749111
634488
1677622
405811
1871009
1670983
1964647
1018507
1303482
892613
1630604
1075122
640094
1168920
648401
1645484
1107478
1385037
1010272
1264453
1078592
1102296
1231941
1431238
1797354
952921
1511559
543151
237927
779227
1936070
1987038
1930067
1613693
909202
317428
1801028
873849
1335935
1104510
282815
1482892
695984
922909
1168164
1344385
1084746
275643
1245774
95018
56448
324366
1197315
1804741
271957
1511021
757662
299868
570524
1511941
1079095
506595
1498980
1525515
636640
408182
1842943
437668
1798383
1695231
58531
81198
1178123
1270867
1520460
862639
615253
605206
1138282
1861027
700224
1194731
701746
413891
1515824
973703
441264
273487
1789923
1011789
1785428
1385371
34736
1800760
910886
671376
208942
1270181
1625396
523678
1481764
200279
604876
1176239
1471147
125336
38879
602752
1246894
1177161
980131
1947119
888244
1681877
877362
404069
1171932
1318627
1193908
961856
846768
1495688
347227
881504
1296449
1774465
69232
21743
1044646
210980
1061773
526411
411260
1666650
1702650
398759
308338
1741529
1001511
1555233
1435043
497994
18704
839639
696224
1412418
1760060
1868156
1247397
953968
1346364
94165
966009
209943
975669
262458
500760
1044901
800553
61759
1772234
1862327
1104522
699846
45329
1323524
1098605
870019
1065054
616468
941604
1016449
1114462
1476660
372440
1810686
889079
132501
195195
136476
1086469
57911
230642
568830
784207
1722663
1347640
1284967
1283917
148194
1863078
1056151
526873
967600
1755997
572202
291125
854602
1958573
1872531
1987422
900178
888980
1618236
376838
1261420
1428923
1265917
1393921
140470
1918746
996743
714733
665740
81925
1498940
388403
1429566
1300260
1672320
94112
1163338
1244823
620985
130939
1000820
1709539
938416
371774
1668112
810947
359196
568290
1699927
493785
1461481
1477699
439060
1243750
1387973
579530
1162496
901068
1810615
1828236
982993
1309556
732992
928911
1126168
921664
1023023
805858
166488
1644008
1453149
1167308
1869899
391565
55435
54364
1202512
930983
622654
1418791
1424768
600487
1412843
1863828
1844238
800816
959710
1006734
218236
770326
1351323
1717581
596234
84315
646493
1722402
1005979
1669516
528260
1172467
1829877
497762
856128
1699776
889327
911563
1754140
91840
358898
893147
1510631
1783667
1493634
923474
1647495
1854224
240642
1123558
860959
975230
1893884
728634
692812
490118
812949
1855657
728872
335280
1525173
1773484
24100
1871402
271246
1396580
87531
1160574
824495
358023
1768766
1183393
1767522
1279397
967060
1261157
719224
1130908
1115381
1476218
254466
492692
451449
664702
1221326
1660613
1671172
550627
1516270
400044
1402260
1557795
173528
1426360
1945550
961127
822940
33081
638053
163787
391104
406819
1347180
158627
202568
830593
1936136
1438144
477853
1567869
914363
1248671
576914
1882164
1913373
314592
59129
1584545
865220
91751
500941
267480
165898
1190821
210192
111448
151948
1549484
144529
790001
1713271
1051986
1713172
1576803
1726965
1915741
407396
179453
1353885
885249
263674
784600
650272
840588
666764
563645
1155181
725893
664542
536753
1333996
1165483
1320585
1499895
872657
1530777
1611343
1024605
1080261
272225
330959
1309884
1840563
44131
886687
1567528
476224
1810436
263333
1830110
1212037
527007
614710
1862310
1367596
1797827
942307
1039129
1040072
123202
92234
374069
1805037
1412819
1873964
677694
1459948
1485307
218652
1056561
1757532
549611
366445
1598095
1110094
1769484
1681975
1586319
1579920
1945308
1416429
791958
988668
547491
1170620
356264
345318
112927
1911745
1385391
236129
3979
275812
41167
1933150
149776
718861
1393098
1635083
1453865
449659
1908968
3476
816104
23415
1629923
1101940
221743
1216242
681861
683403
1149023
1473819
1672071
212866
644439
544687
558185
1273718
456432
459928
1509848
976763
735740
67367
909913
1401868
1302580
819363
1553303
756446
1269022
1462271
1276274
601478
2039
906197
1703419
223782
122439
901632
1423537
1787814
375451
1095609
681
1536242
1640296
1075218
1326312
613081
51498
1352512
1589844
1303590
1419879
1016110
705458
1238812
351825
775113
511610
1620848
237385
1787884
738678
755776
694082
958449
1495910
1332873
1860081
919447
1637040
751884
15056
154073
804478
1655353
1229291
130791
784786
1797141
1483303
890982
1100731
1419535
423444
322541
658347
775270
1097654
1169957
912470
1851391
1474193
1651148
1123519
168275
609598
619429
17501
469679
1538877
170893
1737916
70285
324966
542394
241990
1554257
673185
1026776
1867750
156489
1917759
1484833
92376
341203
323726
750723
1116473
1937732
437032
28943
1789124
1911225
196444
912643
595853
1322394
48425
1129706
308425
103654
1300599
46341
173939
1625565
588736
415930
1696174
1261921
1959058
1563924
1934762
393169
1565109
27138
734373
1888835
1294213
367198
1826567
1731245
912494
132043
158823
1625290
1044687
1271028
947684
1609464
400734
1256109
1713118
217685
1302451
1887057
359602
1891187
819339
55776
1669460
778398
136052
1604223
1687919
1701161
1631361
422292
106348
925575
1305843
1932915
1173172
734689
64959
1848347
359979
1625998
1119375
1824015
1235462
36461
1080124
1464932
254146
898927
1351989
613748
1306466
687681
1185876
975927
1982431
1838280
580150
1670350
55793
727863
608995
162141
169790
431190
611409
1859315
1165879
676368
1707662
42210
818718
1343390
1866225
54180
1379851
1462701
1519112
1633998
877981
1387453
764098
184447
591486
466327
1160374
573917
304607
256876
760620
360401
1501092
1369615
1038894
1670882
1800805
1650303
46549
1483036
843023
1754212
41598
1661741
1097602
424175
232273
993805
403228
267737
627803
1281209
1655191
1908254
1465657
246677
374581
1142383
1336947
1195540
1399260
97567
72293
900352
1983534
1627540
1087586
300691
1277843
1134136
1783727
120867
1404700
1825325
298960
1018654
765852
531234
12459
1169080
798971
1156615
450290
970514
1581221
432299
1733544
472154
1574682
1070491
1667694
973942
1684410
256340
390646
1667944
1883880
1994585
1968635
1678075
1645073
268714
1798942
1049773
610391
614255
68427
1376243
1145489
597238
545323
1944460
1753853
1511965
1431327
1851426
1944264
1164871
323580
1518947
235362
1991275
1009241
1919772
763967
1916240
104068
647847
1910825
72703
325922
1555898
857769
641217
1122023
1468160
1255472
1706802
1360755
917313
304040
1906078
1378125
574246
1934396
809452
425672
1878660
1974323
749253
1397607
726037
1256880
923201
1162161
20847
839441
1266229
1185046
750266
1855284
27320
822516
713053
1184889
1944539
697565
956713
1651341
58320
1874026
1955381
480751
1768504
1045979
415147
577956
1471652
293807
1068632
737257
207767
1794669
510489
1130968
956831
531336
1970409
223060
232734
1237027
594697
260054
59543
1307750
1444944
4082
521668
401657
1655423
579988
792036
127156
1577091
560540
1173136
1992238
1138496
1161140
802398
207128
1898397
1010165
518150
925238
141133
1474981
1972926
627894
214393
205660
1864921
809090
982066
1924464
633193
427010
444898
1154861
1345020
100321
251201
653408
743829
1828293
1213948
1916965
1820531
868796
1594457
622929
1592277
9206
149446
110427
934444
806931
101760
907370
1434825
316153
1113030
1816098
1125244
611449
256914
274789
1554811
701812
1429650
899831
1318485
197203
1553239
62315
25496
1283539
495632
362380
152336
606442
1501661
1744613
615648
1651108
371392
1550093
974391
473152
973815
409217
789305
603198
741667
430901
1214647
1514934
705690
769458
216746
651692
185642
51584
848896
255233
630251
1390744
1538773
1642235
1753124
1691109
248677
1254786
1952074
864326
1422246
323466
930771
912989
796618
1904586
1838558
1585923
1024136
580226
533177
238783
95160
1238867
1524594
828258
406912
1710236
879842
1255808
1965469
26445
646552
1504242
1668681
916029
1711703
1917358
687167
1663777
1298036
625765
503595
228807
1538754
1300213
649746
1377313
1402489
1673882
1957539
1935666
429018
569051
1690885
1953612
1397309
614149
180200
793504
1869957
145669
819949
1032862
166264
488630
1948891
394319
922341
1152410
574449
220377
1778175
1078044
965537
1316929
894610
131635
694242
297099
321869
1168133
749117
750887
1737184
956354
1220851
1650846
1570504
1401051
444350
1956813
63073
1780651
989675
229337
785634
1454918
623656
1707975
607328
1198105
444704
385503
792502
1410241
218785
1687112
1541876
913027
1984211
380098
597513
1249680
1130985
334697
722386
868189
501895
292890
269240
946245
766056
332313
726897
272083
1078002
1512531
1727002
1701659
1736858
850682
1416116
181562
1752538
208618
1591804
1971323
1895730
1650032
1400702
396293
546482
1998215
162325
1677468
849265
1401064
545657
1351160
210306
1331249
297406
976362
179915
1540655
1248446
1257917
1569538
1491800
959576
1306396
342482
892045
4310
95020
1617015
112466
66343
29098
278851
1467046
941743
825333
1465261
1620421
502801
830878
1021485
1564810
182039
1231791
1412412
995797
208154
1592327
536452
1456600
850244
622342
948400
326173
445090
1807234
1734570
449400
1902255
1351585
561867
484950
1380683
840718
1951996
838779
1666051
1933610
459200
685205
764488
1480685
766367
1462879
712476
178779
458676
1436982
287458
995128
1409934
1137703
133822
874686
1980228
578912
681921
1714798
1028313
584176
1582735
1590180
1585478
1479771
430898
1537475
318550
613301
1987437
777750
1298506
1268277
774787
581226
731157
3615
760005
1189833
1440598
1563816
701314
850532
701519
835136
1725219
1198099
1414049
923492
1429249
442362
24020
1011984
548894
1609498
491755
1496144
1663325
1326657
109445
1650762
104407
1924304
1435392
1395546
505530
166549
1399162
1781887
1872734
839760
1345703
574048
206644
563574
1925537
448215
1761673
1855938
1371707
1190922
814652
1395727
719259
1363546
1005226
1211014
1376042
668551
1054024
1485487
835666
1674783
1926143
271058
1070330
431673
953959
469492
729913
826693
1825604
75616
1917094
32248
639191
1842631
996816
917216
1698569
368523
624491
1029573
280603
1343750
393119
1802181
1071116
285513
987084
125140
1771000
1822750
1799924
213496
610160
870254
1161521
1564119
1856098
1891434
907165
1681702
1967051
824259
230302
1122594
1183242
1227118
39810
1398163
111994
1180653
427736
392597
524403
1337207
194778
1595520
1622720
1181862
237012
1910072
1520965
36936
123568
131125
1423542
1801442
211597
1279640
1692876
1118762
1477694
176279
459373
1707997
1815225
158967
1451467
371388
1557130
1563461
1552041
501218
472410
76445
1838425
1183540
188317
1977497
365403
425329
1887569
402720
462266
527490
1050197
1885808
328932
1778146
1681801
538160
1413260
1159495
714440
1872633
1383844
1046017
31600
835312
1417405
105082
915125
969447
606300
1387536
1562244
961077
571076
1750561
938574
1452831
175890
826144
371903
1154508
1869986
1422101
1556669
198918
1716599
1238470
737078
1129860
397965
1967870
1518845
1781810
1013888
1550446
617122
947645
171880
48599
1917092
778181
1952487
1995688
255610
1039916
1746249
1194185
492747
438492
536681
1381003
109352
406667
1319456
1666021
1121937
1036055
904491
1859015
165915
1302457
343238
1684761
1084267
1873478
1751559
217741
821123
1923439
782692
1254568
1217972
735180
1250256
1989935
1775096
1512858
1184120
784195
467702
1720801
165198
577054
643820
1484654
243076
1765757
1037062
1147567
1624772
1202977
966376
484362
1404090
566995
357840
1672001
1301088
1695316
111793
83781
949884
1329765
818961
716492
1319700
594057
745702
1020172
1894604
1213404
1257325
59803
1790459
1901145
60809
549887
1666902
1097871
1697454
1808027
817201
1180183
808741
737643
1747178
1166582
409645
1048267
1378250
521438
1132048
328134
367555
467361
1560978
203608
1577770
306681
1223780
1472374
36437
481106
48529
1826896
898603
109339
893135
1081858
1723562
590590
889885
1057115
287125
1698626
1794759
34303
1381560
204404
1598922
759810
725842
730970
1604296
1093397
1714683
1681627
1297005
1292453
1988308
1037138
764828
24745
34596
1329709
367994
933199
1439048
1261129
15057
1678963
368071
1421294
736078
655196
1636273
1047189
1205852
1017833
1251593
804774
293996
493787
52097
414644
103537
1766780
96271
1916894
1059234
84579
954032
340414
625677
988628
1670123
1510023
438180
1625524
1287504
969589
1304487
1655576
390884
556917
827124
27157
1604107
32976
1561342
1372052
1354103
371690
1865840
1406200
786335
1969377
1172980
882606
1886271
748566
1483538
1356656
1088980
625567
861636
1275456
135590
1816168
900980
1423094
785758
721819
1595022
1692994
1795088
422147
236503
1399195
971475
314197
1287600
325578
685888
1669792
248130
1472223
1639169
1937463
871181
41792
686029
354719
1914800
1775010
980286
1292789
1050466
1632228
1108957
467798
1055323
1894715
1189617
1166697
104061
984705
105196
340564
900253
1076672
654762
704205
1918602
1340650
373997
683085
1329225
529518
620548
200406
1087662
1306577
1071478
1002463
1597939
568116
295252
1164757
200345
1920561
1632555
1772020
1815277
1338524
938717
435690
839582
1043914
776255
256187
636938
1431017
960392
1071892
1288019
1850741
1754977
1133596
380259
375525
1334002
1984273
198455
921832
986736
1796394
1489949
1798340
1477504
1690294
1718902
1110059
1462314
50531
964936
917383
486221
320870
1961297
1778828
577057
1114587
1726197
53801
186480
1530568
420894
1941457
664164
801153
833335
514519
785426
1031790
1436351
288515
1344536
1442652
603207
822040
1132946
838461
448452
1111612
1405344
1413388
28996
407918
250610
506645
186746
1344019
1621233
429296
1397820
324065
1959864
335066
265522
624029
1136219
1615209
1138548
437997
1163351
1091251
1242864
507888
533904
1846072
1329928
183202
1200885
294732
1294815
606230
224472
1840163
1014148
475082
863160
1717246
1819101
1000745
146542
1733273
1324810
106407
68339
106685
730436
1720910
1721894
385336
675260
885246
1992939
1918124
1909486
526843
280548
1755766
1226398
1481434
50499
521213
604016
274971
877728
1618164
1266406
1740888
1335410
1085507
741634
1998305
1335133
66444
104712
1403472
689481
1351500
1640735
411376
253188
315995
1812974
246127
750471
1722460
1289323
1031020
1478226
1032073
1028806
1528725
1553286
1632822
320049
947366
1767338
1586455
1204606
1619100
1188314
462592
1617405
523447
1045389
238469
443272
1734870
106321
84007
146246
359509
916354
1959220
1121989
1666825
198032
927664
1214197
1676259
1959737
759355
1204984
29375
908529
1525033
1493093
675867
1627840
697699
811320
816155
1160292
428725
1339602
722033
1183547
299226
456903
1289868
383233
1119502
165730
1815939
1595074
1287719
1999117
1793107
731735
1213314
1469366
691472
489022
1190702
1237199
1397551
1232088
730292
589771
859928
1427991
1401091
192435
1104635
346168
1532038
1826668
1529715
1831264
283572
1335936
730850
1919426
1501666
1063141
1514500
1305737
1062258
1307607
37472
791925
1293325
728944
1280947
484028
1966143
1194850
1716116
696435
1784621
1092396
640778
1185712
1284832
1745414
1531881
1333222
88434
1577948
1680838
888358
913884
928040
807784
931902
1991182
322285
237639
1569792
146244
275111
361717
1439570
1520407
159016
1923598
2902
1353867
156066
1215689
1654840
1764814
1856468
840553
1049646
118234
888786
899220
206668
983086
580059
1095027
413323
24451
419163
1345225
15633
741448
1582865
1585426
887693
1857976
463495
327263
1378384
1138864
767213
1897638
492731
923279
1113328
147571
1204445
969796
1504476
770444
1088030
909614
1669664
1811050
409053
766075
1422429
822376
790527
1841593
683953
1322512
1099393
266818
1424290
1987086
641147
1887786
830701
535883
1026650
1597914
433521
35733
1037545
1546849
699656
758343
516645
720485
1528787
121027
146451
1198451
448430
555504
480879
387211
1894232
1787758
228804
578186
1110270
1844550
845004
534561
1831636
2503
938699
1178690
538386
481701
1292956
971908
1033786
846854
1035109
249794
1605197
68107
970279
1133984
705486
1633083
848787
1153916
704939
1846018
1541128
599172
1633776
286284
1177358
744047
130834
538714
1794960
478823
1057570
1250011
173865
1595956
248064
1466821
1084216
1798202
830027
119326
47996
951576
703785
1534628
601912
1409271
1167711
1450700
1079540
389002
1813070
1137020
988174
1446847
1423304
681884
707246
70491
1736951
502206
1065666
794521
268569
1239531
906829
516633
1222704
1991046
314835
52732
626724
879183
1004308
1330509
413811
1606221
1256132
97874
1573273
335672
486877
1386343
1472692
1991403
1349542
895997
673288
56788
1482840
926591
558994
548506
1721112
1343915
304389
627941
1860548
1527093
1135339
691735
96177
278415
1570919
1100486
125276
501082
1223059
1381409
598957
1312684
1717081
1602186
699027
1706126
1593589
564922
1118475
266877
621710
601315
1193468
1697057
1666173
1430932
1040972
1970562
575226
1417873
14007
226917
109608
110185
505333
196879
1727023
1146961
1214314
950082
528370
1813271
262766
761804
1931809
1478145
467930
1525398
43067
1586405
308628
664778
704072
18448
878187
370245
1449381
1919159
857159
540959
1853384
871166
767876
479345
981351
1273209
676224
708374
420171
1890538
1658456
1464893
220161
437574
743049
151970
432072
1210979
193721
991491
1313736
502349
172621
17808
520797
1050808
904405
486530
969968
1761564
1027489
823352
632731
1795366
1302697
1614082
1584927
495274
838809
521450
902164
1013617
502696
1638678
1451192
1245745
307000
399616
456725
500721
1391107
286813
1519422
1563729
820974
40220
614537
1725379
1043102
100857
3296
70592
1440562
636027
1865958
743259
766461
1967237
1754885
1605270
488688
1173402
1135240
991384
812080
586432
237129
1119080
1502400
1210206
136154
893507
13372
1655576
457236
834346
212148
1071774
1076077
1255251
1172631
1079373
1842195
613193
1715400
224505
1872805
998214
191742
144042
1119836
1196782
1317444
255076
704518
129524
1357860
1458000
1764957
860260
668206
1901111
1753768
1197930
73039
727356
32276
285188
1799130
1108354
56791
1488114
187727
415338
617659
419480
639843
1006816
1934046
831585
1150859
1053882
544720
468303
1825311
1249238
1114180
1183171
707238
1395489
559784
1891797
1296600
829904
1089727
1885991
1557260
1122004
687531
1356391
746710
1260674
1360857
1450789
1676012
1978516
1870269
315855
1501685
1804315
1663793
652544
1374550
208513
1637199
1199861
1974103
1267731
383032
681342
663220
1459168
1089491
476172
289072
179218
878516
1846333
1817574
1566047
1719076
1080636
826722
1079933
531426
502734
1574801
401695
1334942
1076486
722363
1515087
245382
96913
1723600
398934
1296774
214055
183017
196158
1411749
846238
1655327
501240
1838762
460751
680459
717278
307084
1014385
799678
26160
95022
1626400
1622445
626448
645486
1197247
1544495
496780
790085
266858
11867
1551820
880123
251819
467106
176897
465875
650123
889408
1877624
12713
1061087
378865
1851476
1521838
1575676
1085106
1828923
1106413
1884784
371435
1201435
27536
1993881
344235
1189375
1707480
1888731
1686155
1013917
671941
1698023
565737
1552065
466194
1549195
1728962
932069
199319
1134722
1326046
212032
195809
221263
579860
1717648
1796939
1664967
62923
903352
66103
434358
621140
93640
428239
965375
1799367
135719
854106
1485522
1149637
1526048
1699897
231726
1594465
682444
1780922
1323427
1614513
496593
974502
1456911
708625
1170311
1678174
1804838
1404311
1475113
1986157
1467234
894818
568612
1901593
32310
1178604
846184
997685
977971
1498256
368144
979846
647893
410544
679743
1395971
5009
1878539
1693245
1844788
1493053
189838
819290
949964
1414816
505954
1144491
1219654
1910265
619604
1722163
1377500
30774
290775
1795445
63084
1469380
641629
1577122
447351
139885
1945266
1427197
1304130
872162
623293
1216454
877171
501832
909699
1238311
511237
1099538
57602
1977554
1030706
1079908
1122045
766712
990173
258001
488875
884025
805128
1296002
679470
1384564
765382
1321100
961686
1729086
1977337
1423304
1672635
1281468
295466
812280
497922
1688989
1830465
1923973
927301
858054
1539863
1501255
835608
570569
581163
474005
1337281
87688
1248359
342508
971714
569839
154863
1651184
1954403
920245
1488636
916090
1165683
1465974
855746
1354671
1263794
1151213
166951
278068
1356554
513768
718393
283855
1371823
258257
301462
723783
1345178
1398977
1714141
1198812
1486666
962500
1541320
458380
1532339
1696183
625916
3094
1132781
630905
919184
814816
96879
1774931
169487
1877025
1442496
852791
671445
799050
1366559
1389838
1599258
738382
1648095
417072
1462166
993274
1816050
1176307
192086
1819068
655159
249758
793800
703850
462294
1419716
706944
111427
566973
142481
926243
663852
433764
1095731
1057229
392612
1948522
1728674
1191662
1315081
1118513
1307272
569816
766608
1724345
548334
276234
56747
240993
984672
1875815
896152
1234431
669615
116354
213077
605683
823298
324504
1172657
1482131
1250747
352861
1915895
862830
1410091
824859
1327704
1655117
16522
1159138
773630
1840146
1728954
56591
80843
793640
849177
137590
1034633
1833850
13405
447137
1584633
1199372
563491
1797710
321408
1903141
638566
10417
1901625
405665
879630
333872
1268496
806073
1158732
596200
461191
1691606
271690
1751173
1531752
516996
1807764
1612596
1310636
1173294
1750186
345269
1007144
279944
792406
1108129
1995668
1872249
905839
833428
291743
1544405
843845
193368
1950070
239828
1043592
1734918
1045901
202324
847471
1507092
1893930
1119161
1774618
1425683
1636158
98734
1554631
946794
1272028
1304817
1808416
279172
101113
1117174
1903653
613134
1505776
809492
1446562
313871
870249
806760
1023591
1336672
1046588
67183
1587942
92489
269508
435413
115934
163438
70927
406904
105473
223437
505638
1660104
1686583
1777667
1481274
11351
573191
98739
1128526
476845
711873
1150654
1802689
158436
1464525
1189291
965196
488116
525963
528136
555299
630257
1136977
824807
1582023
1252911
1504598
1652950
1659815
1610071
392739
681806
1786528
79322
459473
1784154
607026
1549016
1882893
1735552
25861
594767
886206
344903
753203
350731
1534194
234751
838847
576509
1279239
1910498
1206766
416216
735306
788789
185480
756256
958091
361647
882679
1867182
1043453
669207
462857
19278
453361
1069883
1568295
336255
1321787
110508
1447374
207993
455411
716929
1075076
1989605
951680
430275
1082466
747271
340773
289233
1163487
1592431
1594374
1865319
348687
1068818
226967
1231367
1452352
1786772
1900574
1915209
1806051
870288
985092
1890698
1722895
306879
1206
1170269
1031224
456618
1887198
622652
962575
1355230
1052927
45042
102501
1393701
850627
1782340
1502484
961353
1647660
1851172
546523
390979
1082539
1998876
177751
1499465
1914085
500154
886105
1415530
390852
609000
238761
392059
1779269
1786338
1365029
1666467
408990
843956
1538049
1461918
1405350
1640550
1371971
255977
1422891
874455
1733683
1586903
1241979
280206
1977882
840870
279082
155633
856688
709520
655788
1742793
641402
1562992
868146
880163
1955051
1163767
666501
1836432
830235
1591844
680389
884636
1053762
85739
525187
942085
858069
464430
332892
591752
51333
1574872
1388310
29215
932094
183745
701200
1788782
1409617
1873340
47928
51019
1436333
916074
1447534
1907736
79841
630388
1744169
1426428
222232
940910
311065
1792346
1543001
1352604
734431
401070
1817034
1583675
1509174
384719
1158547
897485
413934
606994
1597582
1631486
395776
1007199
1504827
443704
1058218
1457512
1876130
1022104
1881600
1955972
1652492
1625769
1898752
391076
1083031
209817
183422
626033
1562421
1434205
1543455
1895807
1017881
1052630
280526
692780
466467
1210812
1299774
64049
842299
1695551
1587600
863478
655607
645818
837342
531738
184274
718942
1004062
1836767
861064
902814
227843
1944095
1628984
411266
1086480
1707757
361823
629936
1603565
1379704
198918
400443
72485
665385
1611256
1888611
1245786
969907
100514
833386
349737
756122
1995556
1187079
1804212
179830
1906021
808274
532949
1283437
227440
760793
1743885
1856424
1688411
830365
1564182
566586
1976653
1684099
1946291
175571
84542
535128
1357308
1695798
423739
1119446
1182057
524254
469184
1531794
1796728
981092
718873
1600940
1160923
1141247
925566
210224
941036
1153006
971017
684921
1009431
1175780
31639
1089965
1742367
8292
774064
205010
700216
858606
1256490
573876
1070757
1680229
209675
769166
720835
678859
300961
1033915
1659952
1536186
634855
1337227
1193785
76773
1547451
134822
1229780
1034821
819743
755563
726953
1367734
1845528
985672
1892379
619592
1707034
592595
1994550
963524
1682823
1581659
1160106
1892498
350826
1880941
1087710
651787
914857
1264014
704325
66064
601241
1898111
142838
665044
32933
1372618
1699865
1369028
644533
943171
736763
490061
1928843
1145494
1626005
1635878
1738089
136907
599402
1937264
1718567
275860
346115
585745
156802
1950177
1753884
1588011
1214191
458209
1654075
331784
872672
313265
996828
905605
202235
1213046
790986
846768
156217
44101
1336829
601412
1189595
1479186
753642
1444036
1616094
1869397
1897652
1851013
145257
243767
436758
302059
193944
190642
406422
1408135
1165203
60498
256271
37876
890115
1253100
1459833
1092351
466146
250819
1939119
1138715
811272
1792301
256479
867
1271487
1010122
1961255
1403933
879519
1858908
1254946
1024776
102675
1691704
1843188
812972
398698
249610
737459
80254
826460
993731
118130
1716576
246831
1577963
808927
1229329
345135
1264398
884396
1156407
1056699
1140875
1673627
328187
150997
1634882
1732120
1546868
1493790
987067
1087997
112818
1195123
931185
925790
110174
1697147
1663249
190428
1039960
1173332
824910
1272888
1936515
919225
81815
1682196
1264360
1862565
566592
937120
919265
223820
610747
1247452
374817
761981
1495924
438038
772124
999343
1526035
884942
710819
457220
327084
820993
670719
506685
1527773
1710679
1680018
352683
983567
1616533
1271908
1581734
1298730
1052621
1444300
1865322
1989741
363565
605494
1116840
127369
1496664
395173
1623293
1934702
1167297
1138989
1460737
568591
1849808
434309
895675
670801
1621380
1402361
714926
1332060
1082379
1067609
831979
1215264
855869
413714
513994
1908490
374366
895669
414583
1254283
1501163
47775
1381652
997827
442949
1521297
1448881
126598
660286
909618
695190
510094
1860279
1590865
1697247
1481660
1509578
412173
813720
591957
1479782
162051
1807222
852004
575765
837568
760494
1466483
1733237
1691430
720766
1750753
1739205
618770
1264932
698506
140068
713814
825105
1316706
139784
1520295
1826801
64
1627512
40400
1481724
1137091
452574
811796
245400
448708
973847
568974
1300712
65965
1406543
577559
1532448
1656132
785341
769567
1923237
1040898
1388337
1188170
1739405
44757
1901984
564510
1361464
41768
601157
1704617
558184
228669
1745017
39908
1882112
713943
1368056
127513
1162652
858256
696487
979716
924221
103030
73627
973021
275515
1375320
1742588
198752
416219
1647278
1386922
155624
1692035
1805258
1236486
1053499
1847027
1837643
758116
405211
582664
1019486
961472
464777
1733429
329528
592290
1412433
1704136
1288777
908502
628357
1908160
1498481
117731
183675
873802
376671
382427
1290021
23949
1769350
1961997
1715985
90960
1198483
1285836
1937987
1036126
560305
859551
1618790
1579791
337375
599919
1313220
1183255
1192209
1242006
887392
997339
150508
32101
905499
1648989
149832
1089174
522791
1042856
1987953
329164
1066805
273655
291161
1299142
364616
1489644
1101331
818955
1042122
1661636
1678506
1177265
1241427
532233
1777184
1070999
1715489
1485746
829357
602881
483085
979865
634982
1388584
1145207
1301167
994110
1667998
344023
1498415
513515
1927180
1772071
804676
1742675
653039
810673
844006
1471994
1852795
505642
1666853
1546412
263421
199086
1839949
1850772
430927
1325695
680130
1033808
1808780
176347
185143
1713716
1321554
1486310
1224178
1505905
346685
722593
19420
273865
1011016
1340448
532892
180407
151121
1376898
168754
520269
398892
1835607
66681
1178665
551045
1906630
1029438
981973
1232325
225920
15781
1557457
918619
717276
1271173
240174
719938
1011703
262431
1066623
250649
798203
1856841
1778017
138651
389733
1958425
289773
1766632
127179
810042
681876
479138
876723
1860542
1030183
1299706
1406332
528508
532031
148604
1060642
605841
1067223
1777918
1877014
1823749
497857
1405070
602532
1564480
1655719
1400735
1937673
1950088
1539387
327407
424865
1829160
610391
552044
1155554
1292267
1547534
32277
1669161
577718
1848335
1591845
1106226
380367
1740449
683220
986208
1324025
461139
1379574
1147774
958996
1300996
266659
1039828
1473067
1667394
1493854
1423156
1206781
1821261
1848021
1552293
948004
916418
707847
756623
463952
1256477
425785
1558022
1104812
17630
1180601
1485179
274432
1863821
987739
1598457
324960
883666
1262583
1800308
184662
1529242
1356489
1657730
1196637
850343
1080886
919770
1187956
1445259
472064
652312
361677
1179911
1408935
825630
436388
351072
900004
1541201
885055
80605
1542732
1159487
1944427
1046824
757944
785739
1930490
536879
586048
115152
582474
458889
1772882
1779111
1825584
1370120
1215233
1013540
815380
1687297
1665852
1693409
1383561
1591139
1035391
1819949
1942212
1935396
1877502
827267
16001
1420235
1986754
476780
983411
1261050
1262520
913901
314281
364920
1029053
896755
823809
1318288
1192218
649393
1204760
407452
179285
536492
94749
361489
746254
1994662
1952628
1781645
1814612
1894840
1717041
208466
722107
249395
145053
1225213
726175
1128464
1002615
505047
42365
1316897
1386319
1587771
213652
210128
1422411
1405871
1375873
627171
1813323
71510
1680016
424424
432999
426270
419087
901980
207915
750051
796820
441309
958517
35280
1207056
1619923
1776845
449583
748387
779461
954631
790753
96358
340950
894876
310010
1067431
317287
232233
959656
1460810
561908
1547519
1140826
986333
496870
83448
1921772
1398850
807716
671823
712023
1249025
146692
1263655
456081
1766615
1040500
905664
1031355
336313
376647
338460
949023
1233950
1233336
1775386
817733
66975
7619
1777389
1527785
569528
1324908
1184964
72213
338131
1784764
1993985
1736981
592480
1182160
449004
1841505
1845204
229011
813938
1611820
1269512
235955
1159527
122177
612602
1497987
1071201
1846552
731323
846587
664285
798298
854206
958027
842435
1940086
799287
543751
12299
1137418
328516
522636
1390752
920996
1704796
356108
1278854
1550001
585120
92792
1678173
370984
845099
837700
493161
1457702
852039
1564362
1820606
1583362
410949
1001244
898012
1781508
475623
1740447
1721594
1791262
284199
1733894
1445033
1129067
256530
835785
50063
477679
1191893
1845269
544032
1777013
454414
738557
147997
1299513
92609
1157511
1273567
944648
721873
1094174
528010
1649175
611770
1942374
1430683
1603745
1682821
1668629
1395007
483372
1918875
840040
1612439
175406
192177
178855
1169437
1384071
24124
1713469
1677436
478538
968378
341786
294404
1060987
1499297
1567971
5635
737522
1178497
1049997
386697
1790267
992371
333732
1910364
1191544
2362
1821724
191269
437589
661764
1803708
612995
853942
498915
298784
754365
1039392
528605
431801
34282
1496983
773587
328686
557970
789236
1896658
1079957
1526759
1075155
129954
429808
1381775
1638677
1279893
1292139
830222
1282255
1630215
1021491
236196
291980
1341551
849192
1662274
356819
1664328
416639
1396211
192934
1364792
1946845
1689917
138380
275532
764240
1443968
172190
1844197
970727
1763697
490504
1400536
1145472
645533
680429
953964
1992107
479036
584179
1013598
715232
1392511
871502
80776
1571137
1744673
1745105
1987776
1657236
454391
1868921
1604081
144308
523653
1879613
908548
1967621
568155
752746
938349
848205
1759602
855237
510029
405135
52018
1463993
397243
1047406
564525
1927193
278990
473388
1315047
359767
44526
1059720
621224
548654
716956
1075615
933927
837390
1736275
1457580
1233355
644824
1425202
1801511
1913922
363551
649716
189876
1735140
1159745
595011
1787158
1140091
1508606
1350916
220968
1435800
1629906
1210708
1267199
506025
1771586
326920
1127249
836593
1560228
719216
1770520
913970
971844
1228101
147326
1616668
653303
465189
46942
1533206
1631257
753170
1784698
1307354
1348181
88208
447445
1373140
1439124
1184765
808940
1069030
911826
76139
1575056
683412
919411
1218657
1520005
995992
454226
1806878
1909962
1426070
1034979
573640
1559090
204634
1038829
1606032
1737840
670086
359202
1522538
1977441
223735
127098
941238
1596875
1566222
642356
922167
635252
1554182
1514659
726660
753946
434070
461670
273952
1946414
915896
80830
372729
341966
1632161
946369
1901056
1836795
1985199
23440
90987
1171637
898994
129877
1149078
1122729
256975
606669
1235957
1823197
1249025
158124
974801
803207
1672783
1701462
73505
623206
163132
863809
1085972
1595380
1460991
1458701
1937346
1093152
405071
354754
929947
906622
378194
1020934
78259
1277188
1150811
1227338
916269
1924138
350359
152226
1747335
1599384
826703
722137
918943
499486
939951
992448
1639044
1619435
1856258
725017
1214815
1317249
183718
1152161
926754
1105141
1506915
373053
11763
401461
1393988
90023
1678649
1061151
1833713
594918
985290
184072
1263497
1248977
299808
90200
1971114
1218751
1106038
1427417
727551
745083
1046852
1100161
1986452
261667
417411
170170
1930180
1860517
1791664
1953447
233570
1803427
354908
143910
409802
549909
1205062
759867
1661180
706704
943939
924677
472033
1760099
1531229
959500
978850
637267
386917
222754
1898702
1950122
1322915
1885154
728141
256678
571677
658322
117195
363341
1128121
350766
683120
1999382
494676
1092923
1065643
216090
1852790
726823
1439146
1313082
167852
1911180
1073181
1699081
870680
568384
852701
1257597
791138
751403
1724071
114053
1152910
452213
370732
1724587
1626887
487927
87928
1271360
838693
771048
1270742
1849722
380323
336386
65812
233114
1579561
1504959
62548
1747414
1416139
1135729
1962847
803171
1704113
815548
577120
495251
83304
301192
1125657
1236214
753405
1496389
960801
380292
500668
1565081
1651652
1855714
852481
1438747
1705436
1232805
291485
287600
1982271
1871046
1792559
44819
1618460
1725050
1180548
97660
528221
1401014
913208
1105342
412617
996512
1922886
1538274
749078
676291
1551015
1709879
1572935
568036
1791312
1740939
423750
643794
1696038
645538
1876599
1987523
933138
375222
1858570
1242050
420041
1993382
1483452
116941
91042
528026
34307
1004251
149720
446925
517115
72606
1985199
1266194
748897
52567
1492425
838184
620603
1283738
1095475
1044353
1927532
791514
206243
320483
779037
1655733
695705
637607
1414135
1632098
630990
897588
265391
722032
1425614
299699
242635
91686
746624
1276103
164292
1248175
542297
1429541
1300742
551074
267725
437697
1834812
1363200
1998402
1762344
154714
204645
599179
1450104
376731
1811236
87711
1790866
1443334
1235053
688454
1708726
473438
630420
524777
1232425
722106
1271401
508528
1402750
1035928
1567177
832291
853023
118252
1616368
1290720
1953064
979569
1289123
231761
1650635
10120
830940
1617091
386851
642177
221155
177718
601863
1456208
1382524
826941
445998
529297
1351718
1678424
1767755
1139471
186952
1170506
175400
1754130
519149
1028423
1872382
135518
835495
341798
1631439
640970
573559
1798426
651091
1920852
1415518
1554294
1079381
1636673
248364
1681244
1609233
1630889
508186
55232
676538
376256
250008
444293
1515728
953312
131151
207480
707442
650301
1752255
1096176
785819
587750
1954327
933610
1228721
527886
732036
396164
448738
147554
466810
1528119
300579
715175
1725716
426165
862416
750254
481397
1538954
1126510
1247757
499599
1158590
201069
630751
1366070
1424864
1281052
1118325
1037392
583223
222428
991719
1516833
1967501
1519606
765221
880017
484696
1429128
1346827
529168
1729707
578354
254884
155872
1440770
1521490
1153621
1496076
648000
401378
512028
1806591
1118800
1142779
1689013
543664
940183
1323691
97408
39758
1546119
1089128
72943
1513620
1125086
838164
909989
1609782
267292
256816
655302
1997000
835171
1426538
669224
792293
948028
339198
804722
1596029
740576
1316750
1918972
375728
975881
124337
1435744
1916064
1448028
1533153
472174
1510499
622281
545117
1540471
1747367
1383281
450460
1873501
1650574
707277
1045156
163926
58800
471694
1349502
1367445
1419723
1688700
688519
1015752
945629
5269
1451076
1321357
1497502
1575413
757102
1413566
1539794
290255
402092
1050293
1428888
947209
590765
1692607
330491
1557577
82460
497417
264854
1127616
661343
840006
1599311
10845
723804
1019034
215898
1412323
551138
1161527
1417593
518566
482884
1431447
610331
1756338
845014
150125
562945
1763458
1716771
1991833
710668
823888
200792
1041159
381465
283253
1538576
1162672
1927221
716271
519030
1526532
1243468
1242834
1061918
1459366
655158
129408
620893
589103
647974
1620130
20550
1258306
1376468
1381916
1924783
1939414
1145375
1641554
447599
1856043
465442
648392
1413554
1363260
1447997
1468482
525932
1375218
701105
1044962
1418103
1944573
287797
480021
1920292
1459307
609430